Webots Project File version R2023b
perspectives: 000000ff00000000fd00000003000000000000000000000000fc0100000002fc00000000ffffffff0000000000fffffffc0200000001fb00000012005300630065006e0065005400720065006501000000000000039f0000000000000000fb0000001a0044006f00630075006d0065006e0074006100740069006f006e0000000000ffffffff0000000000000000000000010000015a00000506fc0200000001fb0000001400540065007800740045006400690074006f0072010000001d000005060000004500ffffff0000000300000a000000003dfc0100000003fb0000001a0043006f006e0073006f006c00650041006c006c0041006c006c010000000000000a000000006900fffffffb0000000e0043006f006e0073006f006c006501000000000000073f0000000000000000fc0000000000000a000000000000fffffffa000000000100000001fb0000001a0043006f006e0073006f006c00650041006c006c0041006c006c0300000000000003c300000a000000019c000008a40000050600000004000000040000000100000008fc00000000
simulationViewPerspectives: 000000ff000000010000000200000158000005970100000002010000000101
sceneTreePerspectives: 000000ff000000010000000300000025000003e2000000fa0100000002010000000201
maximizedDockId: -1
centralWidgetVisible: 1
orthographicViewHeight: 1
textFiles: -1
consoles: Console:All:All
renderingDevicePerspectives: NAO:CameraBottom;1;0.266667;0;0
renderingDevicePerspectives: NAO:CameraTop;1;0.266667;0;0
